50617
6179
62239
13290
40833
48726
50473
7219
14020
52998
12032
54337
41281
4404
1750
36832
27015
18897
5551
1732
32635
18402
33697
3197
10358
14624
25308
21855
37308
41283
31175
26766
51689
6906
61029
1730
10754
20768
47535
64722
10817
1255
16175
20250
25221
8925
12190
26951
68
51529
5068
60327
21633
9782
51844
21913
41378
28535
43105
6875
62373
8836
13849
14560
21214
45639
10414
39201
58108
52582
47533
3788
43809
15608
3120
34921
39276
51681
36943
49827
27036
43705
4530
61211
5409
17725
14922
691
22402
57639
11981
51491
11914
40766
39680
8474
30423
14992
3886
31774
21675
60294
12726
41217
52093
6365
44705
56802
7678
16946
24276
4539
33098
58963
12333
58093
41496
50689
29345
58195
3864
15782
21459
30839
467
65183
13714
62080
15372
61199
54187
1069
56499
42462
46495
42008
39309
56397
32890
33234
46009
20207
26439
35420
6564
12753
11519
15688
25332
24313
5163
47319
59077
22394
22150
46541
60521
42639
42088
7572
34605
3997
133
19808
51251
35808
35617
28897
41831
40776
26715
1434
52968
7609
33245
36608
31890
34540
3435
45430
40111
38808
18854
22875
15488
18153
2340
45524
64657
55163
23564
36654
52953
59308
55747
34986
34023
1574
53640
26553
57271
33095
37332
19767
3838
15106
17871
6762
61832
51913
54718
20901
7498
13535
11796
60309
14617
52653
12258
6390
38081
22829
59488
50854
5144
13875
2846
4642
26427
2941
50779
59625
31609
23921
4785
27583
60911
5984
31041
41548
51329
5742
52700
47524
48230
22257
36843
48056
32872
31652
3252
5208
42370
63645
11017
42224
40919
30371
8965
53315
34155
50944
42756
9737
3253
32712
64832
59624
9355
40416
48690
62183
27131
8245
53958
49834
12510
51105
37176
10585
34447
5251
38934
62431
56385
22208
5847
29890
1377
35545
23214
23599
10136
44834
44928
19554
43572
56159
24479
61318
17367
23380
64609
33710
60395
17977
13607
16405
47967
64009
42189
11855
2610
46726
59098
303
18225
34909
26674
43957
59863
17934
11036
29425
19683
36293
46595
34897
26689
16778
45059
58637
872
46765
2106
50408
43967
47565
42205
17710
9736
15128
26732
65173
13230
16935
15596
64431
60961
1758
55940
58470
4271
22731
12074
12222
50572
63819
58275
24999
47709
6675
9734
59928
50365
47683
1724
58960
27984
19437
43394
29672
39165
37670
56300
16684
55640
33483
19748
48522
57430
29217
23199
37273
11559
7641
53909
36666
25093
48807
2565
61709
14843
7271
33005
50148
52119
60975
3689
38588
32483
23214
10232
54437
50181
55430
30057
25084
26801
39028
9735
35250
14180
41806
46636
59993
63686
51255
19973
48054
46863
48240
5638
28261
21053
35276
47858
44759
43863
50072
34090
15543
25118
24497
29938
46839
56612
29462
37482
31929
62630
8825
19351
33505
36621
37027
18450
36639
3794
29191
28698
41588
63189
44785
8033
38955
20649
26771
10641
39423
26963
4363
47934
10283
31236
40856
29821
7010
62514
20692
50700
24771
59591
43823
32286
52124
29206
33353
8671
26606
3273
35970
45938
20970
24326
27966
38241
29659
23270
16454
35538
19352
54325
8132
17183
15616
15855
31345
18060
9757
7032
35695
33837
11781
57729
54436
44530
53043
15392
6184
12854
15223
30687
12525
8629
41218
48109
5956
2176
59213
51572
55007
32654
61066
36944
51719
34418
38587
29067
56625
127
6870
58699
16087
43412
2784
10583
50763
40004
13254
61577
41142
59446
32575
59254
53893
33698
40798
32907
46300
4382
43804
26475
28407
62143
35050
22783
10866
6123
42276
57804
21532
62387
24946
46753
4304
24862
29440
23327
23470
43239
62788
34368
16586
54244
57530
62613
53621
24081
20119
62389
50652
54046
5636
5932
1784
60870
56194
63228
23626
16955
16871
9966
15937
259
5072
28337
59783
58852
40780
43323
37925
19743
10608
10398
27757
50072
1906
28264
28362
15366
9347
61991
17193
40603
16714
23590
6482
22968
10831
27577
52434
21496
16181
60266
41444
31066
38028
58247
23839
41578
34493
18896
50050
50019
60639
60742
12464
56929
4138
21429
41311
50613
54899
50598
37066
11658
1559
18823
23977
11686
28161
53693
40346
10376
61288
14322
8694
2873
44735
45987
17992
11459
63557
34820
968
23598
63743
32506
52856
15221
16634
4442
19411
9360
60792
37141
57594
65129
21469
22009
2824
35301
28288
29180
38866
28172
9633
17516
38018
15683
48833
60562
4556
40897
19888
64053
26585
65479
25365
15735
9811
30361
30326
34241
21371
13387
41891
53646
34874
19430
24507
37981
6933
16479
18032
36403
12444
10310
12144
19944
47650
62917
25582
1668
15141
53530
14215
23862
28458
23816
1089
21070
30029
49546
51663
18785
6228
237
35402
29824
49761
8588
11485
53638
3651
18900
53166
24639
7776
61576
18287
61857
38513
36673
15204
46317
31245
58517
8688
38023
14967
17709
2686
15039
58045
62056
61429
48180
52722
4568
31045
711
26800
3433
60892
5871
45312
43051
30933
52857
65305
29339
235
36079
59772
63991
9159
3095
8466
48181
45714
20365
368
46234
12966
18067
24343
3870
53688
22578
13687
463
18228
24774
6371
61115
48932
4728
25068
13753
959
21775
36780
42665
11392
8774
18994
27251
35333
31683
11555
50526
57207
54226
18799
2215
11126
35829
21445
54738
56554
51402
14463
58372
51906
41856
19782
24987
14933
58144
22792
57739
44295
42080
62519
18473
46528
17201
25052
5392
16147
7871
34345
41732
7914
27705
23848
57961
41353
53325
41967
49733
36482
18269
58648
63010
42210
31413
58818
18338
25248
51903
28648
55473
15502
29779
37221
2502
63953
32583
51336
30345
22196
57217
61588
13524
12384
64826
34140
13949
29794
58905
32341
4167
46528
48314
19121
8020
21525
45048
41457
60825
27187
17596
60135
7303
32502
3251
63165
1613
5904
55336
641
43390
36664
61890
12272
31579
65106
15902
33421
2513
37992
65480
32797
15132
61513
10130
47114
48211
4267
15053
3123
19998
53392
462
50006
1536
43054
651
23034
61074
46518
47738
7869
18691
49727
8470
55922
55604
6440
5942
51114
23406
2540
30611
43175
31205
57166
51192
55851
14445
61957
27072
21949
61779
23031
18608
62131
13807
7912
43641
9044
29791
51574
64475
30287
24610
56955
29831
23953
12591
19219
42263
62919
47941
42280
35928
40540
47372
38319
36827
15442
62352
56534
41088
41897
59777
24517
